fips	population	density
1003	218022	1309
1015	114277	18997
1017	33615	567
1043	83442	11201
1051	81887	13131
1059	31363	4976
1069	104722	17997
1071	51736	4833
1073	659300	59381
1075	13844	2304
1077	92387	13866
1081	163941	26219
1083	96174	16618
1089	366519	44606
1093	29763	4037
1097	413757	33728
1101	225763	28937
1115	88690	13816
1117	215707	26915
1121	79828	10935
1123	40497	5671
1125	208911	15601
1127	63711	8151
1129	16378	1541
2020	291538	17371
2090	98971	1358
2110	32113	1197
2122	58533	362
2130	13918	284
2170	107610	42
4001	71818	639
4003	126770	2048
4005	142854	753
4009	38072	819
4013	4410824	46237
4017	110445	1092
4019	1039073	111
4021	447138	7822
4023	46511	3766
4025	231993	2765
4027	212128	3769
5007	272608	30563
5009	37480	6318
5011	10897	1686
5019	22061	2585
5023	24965	4557
5025	8018	1376
5031	108558	14946
5035	48342	8038
5041	11512	1547
5045	124806	18895
5051	99154	14503
5053	18188	2863
5055	45325	7724
5063	37678	4878
5069	68114	8088
5079	13383	2439
5111	23974	3172
5113	20049	2351
5115	64000	7833
5119	392680	51788
5125	121421	16309
5129	7958	1189
5131	127753	23963
5133	17139	3042
5141	16603	2356
5143	236961	24261
6001	1666753	222417
6005	39383	6362
6007	231256	13876
6013	1150215	158289
6017	190678	10929
6019	994400	16417
6023	136373	3805
6025	181827	4315
6029	896764	10859
6037	10105518	24885
6039	157672	7254
6041	259666	50027
6045	87606	2493
6053	435594	13205
6055	139417	18778
6057	99696	10346
6059	3185968	400242
6061	393149	27013
6065	2450758	33071
6067	1540975	156537
6069	61537	4279
6071	2171603	10647
6073	3343364	78515
6075	883305	1856181
6077	752660	52627
6079	284010	8533
6081	769545	170812
6083	446527	16224
6085	1937570	148996
6087	274255	61497
6089	180040	4743
6093	43724	694
6095	446610	53364
6097	499942	31813
6099	549815	36078
6107	465861	9545
6111	850967	46015
6113	220408	21186
6115	78041	11948
8001	511868	42574
8005	651215	79773
8013	326078	44201
8014	69267	200158
8015	20027	1891
8019	9605	2373
8025	5858	715
8031	716492	453213
8035	342776	39109
8037	54993	3227
8039	26282	1359
8041	713856	32356
8045	59770	1986
8049	15525	816
8051	17246	511
8053	811	79
8059	580233	74643
8067	56310	3256
8069	350518	13026
8075	21528	118
8077	153207	4506
8085	42214	1842
8087	28558	2207
8093	18556	793
8097	17950	1845
8101	167529	6902
8107	25733	1053
8113	8191	619
8117	31007	5002
8119	25083	4329
8123	314305	7402
8125	10020	426
9001	943823	151122
9003	892697	121716
9005	181111	19883
9007	162682	44237
9009	857620	142156
9011	266784	40441
9013	150921	36876
9015	117027	22721
10001	178550	29824
10003	559335	130226
10005	229286	23453
11001	702455	1121238
12001	269956	30073
12003	28355	4748
12005	185287	2406
12007	27732	9178
12009	596849	56791
12011	1951260	157809
12015	184998	26012
12017	147929	24598
12019	216072	34299
12021	378488	18211
12023	70503	8664
12027	37489	5714
12031	950181	121259
12033	315534	47455
12035	112067	2207
12053	190865	38663
12055	105424	10043
12057	1436888	135156
12061	157413	30024
12063	48305	5282
12069	356495	35738
12071	754610	91608
12073	292502	43203
12081	394855	50321
12083	359977	21986
12085	160912	28996
12086	2761581	143094
12087	75027	7762
12089	85832	12423
12091	207269	21579
12095	1380645	146242
12097	367990	25509
12099	1485941	73424
12101	539630	68363
12103	975280	349846
12105	708009	37193
12107	74163	10001
12109	254261	39208
12111	321128	53432
12113	179349	16849
12115	426718	74144
12117	467832	147172
12119	128754	22123
12127	547538	47922
12131	71375	6347
13009	44823	17563
13013	80809	47962
13015	106408	22548
13021	153095	61455
13033	22423	2727
13035	24193	1288
13045	118121	23247
13047	67420	40885
13049	12968	1678
13051	289195	67313
13055	24790	792
13057	254149	57369
13059	127330	104532
13063	289615	19684
13065	6648	843
13067	756865	219425
13069	43093	747
13073	154291	50776
13077	145864	31871
13085	25083	11318
13089	756558	277742
13095	91243	27701
13097	145331	70896
13099	10247	2019
13103	62190	12286
13113	113459	57306
13115	97927	18988
13117	236612	98152
13121	1050114	194044
13127	85219	20006
13129	57685	15961
13135	927781	20965
13139	202148	49891
13145	34475	7241
13149	11879	3945
13151	230220	68702
13153	155469	4039
13171	19000	10089
13175	47325	5874
13177	29764	8249
13179	61497	1268
13181	7915	3707
13185	116321	23098
13187	32955	11293
13195	29650	10237
13201	5686	2066
13207	27520	6827
13211	18853	525
13215	194160	90889
13217	109541	3913
13219	39272	20086
13223	164044	49914
13225	27297	17945
13227	31980	13286
13229	19389	6055
13233	42470	13412
13243	6833	1655
13245	201554	62117
13247	90594	68579
13255	66100	32941
13261	29733	6288
13267	25391	5288
13273	8611	2641
13277	40571	15646
13285	70034	16854
13287	7912	279
13289	8188	2311
13303	20386	3016
13313	104062	35753
13321	20299	3619
15001	200983	4907
15003	980080	164403
15007	72133	11513
15009	167207	1423
16001	469966	42377
16011	46236	2175
16013	22601	832
16027	223499	36132
16055	161505	12346
16065	39304	8249
16081	11640	2465
16083	86081	4355
16085	11041	284
17001	65691	7767
17019	209983	21023
17021	32661	4685
17027	37639	7937
17031	5180493	552584
17035	10808	314
17037	104143	16505
17043	928589	284503
17077	57419	10024
17085	21366	3632
17089	534216	102073
17091	110024	16416
17093	127915	38905
17097	700832	158591
17099	109430	9726
17105	35761	3478
17111	308570	51028
17113	172828	14638
17119	264461	37126
17133	34335	8814
17143	180621	2979
17161	143477	33972
17163	261059	40055
17167	195348	22764
17177	44753	8048
17189	13995	2516
17195	55626	8242
17197	692310	82291
17199	67056	16018
17201	284081	55745
17203	38463	7355
18001	35636	10381
18003	375351	56293
18005	82753	20126
18011	66999	15209
18019	117360	31031
18035	114772	29485
18037	42565	9928
18039	205560	43959
18041	23047	10817
18043	77781	51921
18047	22736	5942
18053	65936	16167
18057	330086	80173
18059	76351	24126
18061	40350	8196
18063	167009	39552
18067	82366	28113
18079	27611	7363
18081	156225	47301
18089	484411	97573
18091	110007	18478
18095	129641	28657
18097	954670	238336
18103	35567	9603
18105	146917	36857
18109	70116	1726
18113	47532	1155
18119	20845	5419
18133	37779	7816
18137	28523	6367
18141	270771	58805
18143	23878	1247
18145	44593	10799
18157	193048	37873
18159	15128	5841
18163	180974	77658
18167	107386	26702
18175	27943	5417
18177	65936	16581
18179	28206	7592
19001	7063	1251
19005	13832	2172
19013	132408	23509
19027	20154	3573
19033	42647	7563
19049	90180	14275
19061	96854	15913
19065	19660	2727
19081	10712	1907
19085	14134	203
19087	20067	4588
19103	151260	2394
19109	14908	155
19113	225909	30984
19139	42929	9818
19153	487204	82656
19155	93533	984
19157	18699	3181
19163	173283	3761
19167	34909	4533
19169	98105	1692
19171	16904	2377
19179	35205	8178
19183	22141	3893
19191	20029	2957
19193	102539	11732
20011	14653	2314
20015	66765	4649
20021	20015	346
20045	121436	26174
20057	33888	314
20059	25631	4471
20085	13280	203
20091	597555	123687
20103	81352	17294
20107	9750	1622
20111	33406	3929
20123	6150	887
20127	5521	801
20155	62342	5027
20161	73703	12348
20173	513607	51334
20209	165324	108407
21003	21122	6039
21005	22663	11006
21017	20184	6953
21025	12726	2664
21035	39135	10071
21047	71671	10071
21049	36249	14209
21059	101104	21804
21067	323780	112369
21073	50815	2421
21093	110356	17343
21097	18778	6093
21101	45591	10566
21111	770517	201662
21113	53920	30457
21117	166051	10277
21141	26989	4863
21143	8009	3828
21151	92368	20513
21173	28203	14065
21179	45851	10871
21185	66470	34919
21199	64623	9742
21209	56031	18993
21215	18794	9774
21227	131264	23343
22001	62190	9551
22003	25605	3368
22005	124672	41788
22007	22300	6707
22009	40462	4911
22011	37253	3177
22013	13308	1685
22015	127185	15015
22017	242922	2827
22019	203112	1882
22025	9608	1397
22027	15944	214
22031	27436	3108
22033	440956	97523
22039	33443	5078
22043	22482	3475
22045	70941	12661
22047	32721	5327
22051	434051	147244
22055	242782	89346
22057	98115	9194
22061	47196	10039
22063	139567	21308
22069	38659	3111
22071	391006	229985
22073	154475	25569
22075	23410	2997
22079	130562	9981
22083	20192	3662
22087	46721	12104
22089	52879	18892
22093	21037	8842
22095	43184	2039
22097	82764	9032
22099	53621	7287
22101	49774	9315
22103	258111	29814
22105	133777	16493
22109	111021	914
22117	46582	6939
22119	38798	6683
22121	26427	13441
23001	107679	22962
23005	293557	34834
23011	122083	14011
23013	39771	10906
23015	34342	7474
23017	57618	276
23019	151096	4467
23023	35634	13905
23031	206229	20501
24003	576031	136827
24005	828431	138329
24009	92003	42731
24011	33304	10292
24013	168429	37427
24015	102826	29606
24017	161503	34445
24021	255648	37635
24023	29163	454
24025	253956	57431
24027	323196	125758
24031	1052567	21173
24033	909308	18774
24035	50251	13271
24037	112664	31225
24039	25675	805
24041	36968	13857
24043	150926	32726
24045	103195	27286
24047	51823	11011
24510	602495	759417
25001	213413	54274
25003	126348	13738
25005	564022	10105
25009	790638	158563
25011	70963	10143
25013	470406	76014
25015	161355	30566
25017	1614714	195055
25019	11327	24685
25021	705388	176279
25023	518132	77705
25025	807252	1361492
25027	830839	54428
26005	117327	13966
26015	61157	10858
26017	103923	23691
26021	154141	27267
26025	134487	19041
26029	26244	6298
26033	37517	2428
26035	30757	5425
26037	79332	13753
26045	109826	18978
26047	33308	7067
26049	406892	64266
26051	25337	504
26055	92573	19759
26065	292735	52069
26075	158823	22648
26077	264870	46572
26081	653786	75936
26089	21764	6233
26093	191224	33345
26099	874759	181273
26111	83209	16153
26115	150439	27248
26117	63968	8961
26121	173588	34661
26123	48892	592
26125	1259201	144162
26137	24665	4738
26139	290494	50408
26143	23884	4595
26145	190800	24094
26147	159337	22126
26157	52516	663
26161	370963	51838
26163	1753893	28777
26165	33466	586
27003	353813	82133
27009	40545	9743
27011	4989	1005
27013	67427	8868
27019	103551	2834
27021	29519	1436
27025	55922	13192
27027	63955	6008
27037	425423	74391
27039	20822	4685
27045	21058	2425
27053	1259428	223175
27063	9911	1429
27073	6658	885
27079	28494	6236
27091	19785	2803
27099	40011	5567
27103	34220	7533
27109	156277	23428
27123	550210	355748
27129	14612	1498
27131	66523	13268
27137	199754	3203
27139	147381	40219
27141	96036	21536
27145	159256	11676
27147	36803	8536
27157	21645	4111
27161	18691	4443
27163	259201	6592
27171	136349	20069
28001	31192	6822
28007	18365	2528
28011	31333	3718
28017	17171	3444
28025	19386	483
28027	22628	4309
28029	28543	3695
28033	182001	36991
28035	75036	16194
28037	7788	1376
28039	24250	4953
28043	21055	5041
28045	47334	9848
28047	206650	35301
28049	237085	27798
28051	17622	2389
28053	8257	204
28057	23517	4407
28059	143277	19649
28067	68461	9852
28071	54793	8463
28073	62447	12317
28077	12455	2933
28079	22763	3923
28081	85202	18872
28083	28919	503
28085	34205	5875
28087	58930	11758
28089	105630	14485
28091	24715	4647
28093	35451	5068
28095	35564	4684
28097	10023	2506
28105	49599	10799
28107	34178	4998
28109	55387	6801
28111	11931	1858
28113	39563	9715
28115	31833	6292
28121	153902	19503
28123	28287	4664
28127	26758	4595
28129	16002	2525
28133	25735	3802
28135	13987	2226
28137	28759	704
28139	21995	4803
28143	9944	2237
28145	28606	6823
28147	14465	3615
28151	45063	6497
28155	9788	2335
28157	8792	1326
28159	18165	3023
28163	28248	3031
29001	25339	4464
29013	16320	1957
29019	180005	25753
29027	44889	5373
29029	45815	6875
29037	104954	14735
29043	86983	14978
29047	246365	60198
29049	20470	4887
29051	76796	1949
29069	29423	5624
29077	291923	42711
29083	21792	3123
29095	700307	114482
29097	120636	18675
29101	53652	6474
29107	32598	5186
29135	16121	3845
29157	19150	4036
29169	52014	9613
29183	399182	69586
29187	66692	14681
29189	996945	196669
29201	38458	9221
29213	55852	8652
29510	302838	502792
30007	6085	489
30013	81643	303
30029	102106	1928
30031	111876	4024
30049	68700	1939
30057	8768	229
30063	118791	4472
30081	43172	1753
30085	11059	477
30093	34993	4846
30111	160137	5993
31001	31511	5607
31019	49615	5064
31025	26159	4611
31047	23709	235
31055	566880	168971
31107	8419	763
31109	317272	37024
31111	35185	1382
31119	35392	614
31127	6958	1719
31153	184459	74627
31177	20667	5185
32003	2231647	27138
32005	48467	6739
32007	52460	304
32023	45346	24
32031	465735	7148
32510	55414	37651
33001	61022	15151
33003	48779	5138
33005	76493	10792
33009	89786	5256
33011	415247	4692
33013	151132	15999
33015	309176	43921
33017	130090	34755
33019	43144	8026
34001	265429	48324
34003	936692	399126
34005	445384	55895
34007	507078	229305
34009	92560	3727
34011	150972	31714
34013	799767	628746
34015	291408	90325
34017	676061	1447535
34019	124714	2923
34021	369811	164217
34023	829685	267614
34025	621354	132977
34027	494228	107433
34029	601651	94141
34031	503310	273056
34033	62607	19083
34035	331164	109397
34037	140799	27417
34039	558067	537714
34041	105779	29781
35001	678701	5838
35005	64689	1079
35013	217522	5656
35025	69611	1597
35031	72290	1337
35043	145179	3794
35045	125043	2312
35047	27591	594
35049	150056	7799
35053	16735	256
35055	32835	1493
36001	307117	58803
36003	46430	4569
36007	191659	27545
36011	77145	11259
36017	47536	5411
36019	80695	7785
36021	59916	9598
36023	47823	9649
36025	44527	3155
36027	293718	36939
36029	919719	8822
36031	37300	2104
36035	53591	10847
36037	57511	11789
36039	47491	7358
36041	4434	266
36043	61833	4428
36045	111755	9022
36051	63227	10116
36053	70795	10897
36055	742474	113244
36057	49455	12263
36059	1358343	476462
36063	210433	40528
36065	229577	19035
36067	461809	59641
36069	109864	16997
36071	381951	46598
36075	117898	12516
36077	59749	6014
36079	98892	43016
36083	159442	24436
36087	325695	186509
36089	108047	4087
36091	230163	28072
36093	155350	75732
36095	31097	5044
36101	95796	697
36103	1481093	163138
36105	75498	7769
36107	48560	9457
36109	102793	21692
36111	178599	15949
36113	64265	7438
36115	61197	7439
36117	90064	15047
36119	967612	225046
36121	40085	6844
37001	166436	37877
37019	136744	14978
37021	259103	38752
37025	211342	55687
37031	69524	13614
37035	158652	39308
37037	73139	10231
37039	28383	6075
37049	102912	1454
37051	332330	50912
37057	166614	29794
37059	42733	15899
37063	316739	107162
37067	379099	91039
37069	67560	132
37071	222846	60834
37077	60115	11076
37081	533670	81087
37085	134214	2191
37089	116748	30457
37093	54764	13625
37097	178435	30065
37101	202675	24159
37105	61452	23582
37109	83770	27335
37119	1093901	201265
37125	98682	13704
37127	94016	17395
37129	232274	117071
37133	197683	25423
37135	146027	35918
37139	39639	17401
37147	179914	27205
37155	131831	14058
37159	141262	273
37163	63626	6728
37165	34810	11059
37167	62075	15469
37179	235908	35897
37181	44582	17546
37183	1092305	125303
37189	55945	17314
37191	123248	2242
37195	81455	22092
38015	95273	5741
38017	181516	987
38059	31095	1586
38069	4081	413
38071	11481	974
38099	10667	843
38101	67744	3429
39005	53745	12644
39007	97493	13981
39013	67505	12868
39017	382378	80995
39019	27081	6989
39023	134585	34014
39025	205466	44949
39027	42057	10251
39029	102665	19553
39031	36629	6486
39035	1243857	274236
39037	51323	865
39039	38165	9303
39041	204826	44462
39043	74615	29868
39049	1310300	239639
39053	29979	6472
39055	94031	23481
39057	167995	40077
39061	816684	200053
39063	75930	14245
39077	58504	11894
39083	61893	11649
39085	230514	101125
39089	175769	25244
39091	45358	9883
39093	309461	62454
39095	429899	126851
39097	44413	9442
39099	229642	56135
39101	65256	16184
39103	179146	42068
39109	106222	25776
39113	532331	11527
39133	162927	33371
39139	121099	24497
39143	58799	14518
39151	371574	64922
39153	541918	131269
39155	198627	32637
39157	92176	163
39159	57835	12891
39165	232173	56456
39167	60155	96
39173	130696	21052
40017	144447	15247
40027	281669	51364
40039	29036	2954
40049	27811	3469
40051	55551	4973
40065	24949	3163
40071	44161	488
40083	47291	619
40087	39985	677
40101	68362	8524
40103	11289	1559
40109	792582	110332
40117	16390	2892
40119	82040	11905
40123	38247	5324
40143	648360	11272
40147	51843	12517
41003	92101	13282
41005	416075	21696
41017	191996	5985
41019	110283	2151
41023	7176	159
41027	23428	4432
41029	219564	7698
41033	87393	5213
41035	67653	1116
41039	379611	8102
41043	127335	5365
41047	346868	28381
41051	811880	185173
41053	85234	10992
41059	77516	2391
41061	26461	1278
41067	597695	80336
41071	107002	14503
42001	102811	1967
42003	1218452	167868
42007	164742	38392
42011	420152	48644
42017	628195	103651
42019	187888	23658
42021	131730	19547
42027	162805	14545
42029	522046	68907
42037	65456	13707
42041	251423	45362
42043	277097	52284
42045	564751	306525
42049	272061	34533
42051	130441	16738
42055	154835	1991
42069	210793	46061
42071	543557	5704
42075	141314	38325
42077	368100	105055
42079	317646	35704
42085	110683	16746
42089	169507	27551
42091	828604	170028
42093	18240	14046
42095	304807	81634
42101	1584138	1174873
42103	55933	10184
42105	16622	1566
42107	142067	18437
42125	207346	24218
42127	51276	7102
42129	350611	34524
42133	448273	49107
45001	24541	5027
45003	169401	15585
45007	200482	27396
45013	188715	31696
45015	221091	19026
45017	14520	386
45019	405905	43086
45023	32251	5567
45027	33700	5605
45029	37660	3556
45031	66802	11985
45033	30599	7625
45035	160647	27122
45037	27052	5349
45039	22402	3309
45041	138159	17321
45043	62249	7572
45045	514213	63481
45047	70741	15452
45051	344147	28302
45053	28971	4257
45055	65592	8858
45057	95380	16306
45061	17142	4292
45063	295032	40966
45069	26398	5656
45071	38520	6042
45073	78374	12245
45075	86934	7997
45077	124937	24727
45079	414576	53927
45081	20544	4483
45083	313888	37404
45085	106512	16088
45091	274118	38002
46005	18883	146
46009	6980	1236
46013	39316	2267
46023	9338	851
46029	28015	4066
46035	19790	4569
46065	17650	2376
46085	3821	236
46087	5546	96
46099	192876	23137
46103	111729	3936
47001	76482	22474
47009	131349	22989
47011	106727	31803
47013	39583	8265
47017	28020	4675
47021	40439	13202
47023	17276	6002
47029	35774	8131
47035	59673	861
47037	692587	135709
47043	53446	10612
47045	37320	7334
47047	40507	5632
47051	41890	7486
47053	49045	8159
47059	69087	11037
47063	64569	39546
47065	364286	65915
47083	8263	4082
47089	54012	19428
47093	465289	89762
47105	53054	22516
47107	53285	12269
47115	28575	5704
47119	94340	14642
47123	46357	7218
47125	205950	36423
47135	8064	1908
47141	78843	19057
47145	53140	14665
47147	71012	14559
47149	324890	49588
47151	22039	4124
47155	97892	16251
47157	935764	122777
47163	157668	37917
47165	187149	33898
47167	61581	13405
47179	128607	38918
47187	231729	3753
47189	140625	23241
48021	86976	9298
48027	355642	32562
48029	1986049	155334
48037	94324	10605
48039	370200	26073
48041	226758	3744
48049	37924	4006
48061	423908	47339
48067	30119	3211
48069	7665	871
48085	1005146	112259
48103	4794	616
48113	2637772	296868
48117	18760	1263
48121	859064	91874
48123	20187	2248
48139	179436	18048
48141	840758	82715
48147	35286	3836
48157	787858	85822
48167	337890	8645
48183	123707	45186
48201	4698619	270184
48209	222631	30112
48219	22980	255
48251	171361	22558
48285	20110	2056
48303	307412	33659
48309	254607	23954
48321	36552	3339
48325	50921	3722
48329	172578	18238
48339	590925	53223
48343	12339	493
48359	2131	139
48375	119648	13309
48401	54450	58
48423	230221	2442
48439	2084931	2339
48453	1248743	121507
48459	41260	6994
48467	56019	6453
48479	275910	8093
48485	132064	20998
48491	566719	4713
49003	54950	922
49005	127068	10503
49011	351713	114005
49021	52775	1507
49035	1152633	150995
49043	41933	2164
49045	69907	939
49049	622213	29471
49051	33240	2597
49053	171700	6616
49057	256359	43003
50001	36973	482
50003	35631	5322
50007	164572	30201
50011	49421	7736
50017	28999	4212
50021	58672	6375
50023	58140	8509
50025	42756	5495
50027	55286	5718
51001	32412	7284
51003	108718	14757
51009	31666	6727
51013	237521	892426
51019	78747	10346
51023	33277	6139
51036	6941	3826
51041	348556	80191
51047	51859	13303
51059	1150795	292486
51065	26783	9189
51067	56195	8145
51073	37349	17061
51075	23244	7989
51085	107239	22293
51087	329261	139344
51093	36953	11524
51095	76397	5206
51105	23541	5541
51107	406850	74704
51109	36778	7129
51117	30650	4932
51147	22950	656
51153	468011	135775
51163	22752	3767
51165	81244	9356
51177	134238	32731
51179	149960	53545
51199	67846	64504
51510	160530	1041492
51540	48117	459466
51590	40693	96688
51660	54033	306526
51700	178626	262167
51710	244076	453788
51740	94632	28322
51760	228783	374193
51800	91185	22281
51810	450189	180765
51830	14896	16391
53001	19759	1011
53005	201877	11419
53007	77036	2594
53009	76737	4285
53011	481857	73987
53013	4059	461
53015	108987	9219
53017	42907	2274
53021	94347	7299
53025	97331	354
53027	73901	3784
53029	84460	39164
53031	31729	1711
53033	2233163	102254
53035	269805	66459
53037	47364	1951
53039	22107	1143
53041	79604	3202
53043	10740	452
53045	65507	6528
53053	891299	51503
53055	17128	9472
53057	128206	7157
53061	814901	37686
53063	514631	28228
53065	45260	1784
53067	286419	38047
53071	60922	4743
53073	225685	10291
53075	49791	2251
53077	251446	5804
54035	28706	6249
54037	56811	26799
54039	180454	20598
54051	30785	10361
54055	59131	14436
54061	106420	29232
54079	56682	16389
54093	6955	1677
55007	15042	1014
55009	263378	49043
55015	50159	15651
55017	64135	6311
55021	57358	744
55025	542364	44255
55027	87847	10024
55031	43208	3328
55033	45131	5234
55035	104534	16143
55039	103066	14219
55045	36929	6313
55055	85129	15212
55059	169290	61888
55063	118230	26091
55073	135428	8755
55079	948201	395278
55087	187365	2898
55089	89147	37878
55093	42555	7251
55101	196584	58766
55105	163129	22526
55109	89694	12171
55111	64249	7654
55117	115456	22533
55127	103718	18557
55131	135693	31236
55133	403072	7258
55139	171020	3911
55141	73055	9239
56005	46140	993
56007	14971	196
56013	39531	436
56021	98976	3637
56025	79115	1509
56029	29324	419
56033	30233	1189
56039	23081	577
56043	7885	363
